0000000 0000000 0000000 0000000 0000000 0000000 0000000
0000000 0000000 0000000 0001000 0000000 0000000 0000000
0000000 0000000 0000000 1000001 0000000 0000000 0000000
0000000 0000000 0000000 1100011 0000000 0000000 0000000
0000001 0000000 0000000 0000000 0000000 0000000 1000000
0000001 0000000 0000000 0001000 0000000 0000000 1000000
0000001 0000001 0000000 0000000 0000000 1000000 1000000
0000001 0000001 0000000 0001000 0000000 1000000 1000000
0000001 0000001 0000001 0000000 1000000 1000000 1000000
0000001 0000001 0000001 0001000 1000000 1000000 1000000
0000001 0000001 0000001 1000001 1000000 1000000 1000000
0000001 0000001 0000001 1100011 1000000 1000000 1000000
0000011 0000000 0000000 0000000 0000000 0000000 1100000
0000011 0000000 0000000 0001000 0000000 0000000 1100000
0000011 0000001 0000000 0000000 0000000 1000000 1100000
0000011 0000001 0000000 0001000 0000000 1000000 1100000
0000011 0000001 0000001 0000000 1000000 1000000 1100000
0000011 0000001 0000001 0001000 1000000 1000000 1100000
0000011 0000001 0000001 1000001 1000000 1000000 1100000
0000011 0000011 0000000 0000000 0000000 1100000 1100000
0000011 0000011 0000000 0001000 0000000 1100000 1100000
0000011 0000011 0000001 0000000 1000000 1100000 1100000
0000011 0000011 0000001 0001000 1000000 1100000 1100000
0000011 0000011 0000001 1000001 1000000 1100000 1100000
0000011 0000011 0000011 0000000 1100000 1100000 1100000
0000011 0000011 0000011 0001000 1100000 1100000 1100000
0000011 0000011 0000011 1000001 1100000 1100000 1100000
0000011 0000011 0000011 1100011 1100000 1100000 1100000
0000111 0000000 0000000 0000000 0000000 0000000 1110000
0000111 0000000 0000000 0001000 0000000 0000000 1110000
0000111 0000001 0000000 0000000 0000000 1000000 1110000
0000111 0000001 0000000 0001000 0000000 1000000 1110000
0000111 0000001 0000001 0000000 1000000 1000000 1110000
0000111 0000001 0000001 0001000 1000000 1000000 1110000
0000111 0000001 0000001 1000001 1000000 1000000 1110000
0000111 0000011 0000000 0000000 0000000 1100000 1110000
0000111 0000011 0000000 0001000 0000000 1100000 1110000
0000111 0000011 0000001 0000000 1000000 1100000 1110000
0000111 0000011 0000001 0001000 1000000 1100000 1110000
0000111 0000011 0000001 1000001 1000000 1100000 1110000
0000111 0000011 0000011 0000000 1100000 1100000 1110000
0000111 0000011 0000011 0001000 1100000 1100000 1110000
0000111 0000011 0000011 1000001 1100000 1100000 1110000
0000111 0000011 0000011 1100011 1100000 1100000 1110000
0000111 0000111 0000000 0000000 0000000 1110000 1110000
0000111 0000111 0000000 0001000 0000000 1110000 1110000
0000111 0000111 0000001 0000000 1000000 1110000 1110000
0000111 0000111 0000001 0001000 1000000 1110000 1110000
0000111 0000111 0000001 1000001 1000000 1110000 1110000
0000111 0000111 0000011 0000000 1100000 1110000 1110000
0000111 0000111 0000011 0001000 1100000 1110000 1110000
0000111 0000111 0000011 1000001 1100000 1110000 1110000
0000111 0000111 0000011 1100011 1100000 1110000 1110000
0000111 0000111 0000111 0000000 1110000 1110000 1110000
0000111 0000111 0000111 1000001 1110000 1110000 1110000
0000111 0000111 0000111 1100011 1110000 1110000 1110000
0001000 0000000 0000000 0000000 0000000 0000000 0001000
0001000 0000000 0000000 1000001 0000000 0000000 0001000
0001000 0000000 0000000 1100011 0000000 0000000 0001000
0001000 0001000 0000000 0000000 0000000 0001000 0001000
0001000 0001000 0000000 1000001 0000000 0001000 0001000
0001000 0001000 0000000 1100011 0000000 0001000 0001000
0001111 0000000 0000000 0000000 0000000 0000000 1111000
0001111 0000001 0000000 0000000 0000000 1000000 1111000
0001111 0000001 0000001 0000000 1000000 1000000 1111000
0001111 0000001 0000001 1000001 1000000 1000000 1111000
0001111 0000011 0000000 0000000 0000000 1100000 1111000
0001111 0000011 0000001 0000000 1000000 1100000 1111000
0001111 0000011 0000001 1000001 1000000 1100000 1111000
0001111 0000011 0000011 0000000 1100000 1100000 1111000
0001111 0000011 0000011 1000001 1100000 1100000 1111000
0001111 0000011 0000011 1100011 1100000 1100000 1111000
0001111 0000111 0000000 0000000 0000000 1110000 1111000
0001111 0000111 0000001 0000000 1000000 1110000 1111000
0001111 0000111 0000001 1000001 1000000 1110000 1111000
0001111 0000111 0000011 0000000 1100000 1110000 1111000
0001111 0000111 0000011 1000001 1100000 1110000 1111000
0001111 0000111 0000011 1100011 1100000 1110000 1111000
0001111 0000111 0000111 0000000 1110000 1110000 1111000
0001111 0000111 0000111 1000001 1110000 1110000 1111000
0001111 0000111 0000111 1100011 1110000 1110000 1111000
0001111 0001000 0000000 0000000 0000000 0001000 1111000
0001111 0001111 0000000 0000000 0000000 1111000 1111000
0001111 0001111 0000001 0000000 1000000 1111000 1111000
0001111 0001111 0000001 1000001 1000000 1111000 1111000
0001111 0001111 0000011 0000000 1100000 1111000 1111000
0001111 0001111 0000011 1000001 1100000 1111000 1111000
0001111 0001111 0000011 1100011 1100000 1111000 1111000
0001111 0001111 0000111 0000000 1110000 1111000 1111000
0001111 0001111 0000111 1000001 1110000 1111000 1111000
0001111 0001111 0000111 1100011 1110000 1111000 1111000
1000000 0000000 0000000 0000000 0000000 0000000 0000001
1000000 0000000 0000000 0001000 0000000 0000000 0000001
1000000 1000000 0000000 0000000 0000000 0000001 0000001
1000000 1000000 0000000 0001000 0000000 0000001 0000001
1000000 1000000 1000000 0000000 0000001 0000001 0000001
1000000 1000000 1000000 0001000 0000001 0000001 0000001
1000000 1000000 1000000 1000001 0000001 0000001 0000001
1000000 1000000 1000000 1100011 0000001 0000001 0000001
1000001 0000000 0000000 0000000 0000000 0000000 1000001
1000001 0000000 0000000 0001000 0000000 0000000 1000001
1000001 0000001 0000000 0000000 0000000 1000000 1000001
1000001 0000001 0000000 0001000 0000000 1000000 1000001
1000001 0000001 0000001 0000000 1000000 1000000 1000001
1000001 0000001 0000001 0001000 1000000 1000000 1000001
1000001 1000000 0000000 0000000 0000000 0000001 1000001
1000001 1000000 0000000 0001000 0000000 0000001 1000001
1000001 1000000 1000000 0000000 0000001 0000001 1000001
1000001 1000000 1000000 0001000 0000001 0000001 1000001
1000001 1000001 0000000 0000000 0000000 1000001 1000001
1000001 1000001 0000000 0001000 0000000 1000001 1000001
1000011 0000000 0000000 0000000 0000000 0000000 1100001
1000011 0000000 0000000 0001000 0000000 0000000 1100001
1000011 0000001 0000000 0000000 0000000 1000000 1100001
1000011 0000001 0000000 0001000 0000000 1000000 1100001
1000011 0000001 0000001 0000000 1000000 1000000 1100001
1000011 0000001 0000001 0001000 1000000 1000000 1100001
1000011 0000011 0000000 0000000 0000000 1100000 1100001
1000011 0000011 0000000 0001000 0000000 1100000 1100001
1000011 0000011 0000001 0000000 1000000 1100000 1100001
1000011 0000011 0000001 0001000 1000000 1100000 1100001
1000011 0000011 0000011 0000000 1100000 1100000 1100001
1000011 0000011 0000011 0001000 1100000 1100000 1100001
1000011 1000000 0000000 0000000 0000000 0000001 1100001
1000011 1000000 0000000 0001000 0000000 0000001 1100001
1000011 1000000 1000000 0000000 0000001 0000001 1100001
1000011 1000000 1000000 0001000 0000001 0000001 1100001
1000011 1000001 0000000 0000000 0000000 1000001 1100001
1000011 1000001 0000000 0001000 0000000 1000001 1100001
1000011 1000011 0000000 0000000 0000000 1100001 1100001
1000011 1000011 0000000 0001000 0000000 1100001 1100001
1000111 0000000 0000000 0000000 0000000 0000000 1110001
1000111 0000000 0000000 0001000 0000000 0000000 1110001
1000111 0000001 0000000 0000000 0000000 1000000 1110001
1000111 0000001 0000000 0001000 0000000 1000000 1110001
1000111 0000001 0000001 0000000 1000000 1000000 1110001
1000111 0000001 0000001 0001000 1000000 1000000 1110001
1000111 0000011 0000000 0000000 0000000 1100000 1110001
1000111 0000011 0000000 0001000 0000000 1100000 1110001
1000111 0000011 0000001 0000000 1000000 1100000 1110001
1000111 0000011 0000001 0001000 1000000 1100000 1110001
1000111 0000011 0000011 0000000 1100000 1100000 1110001
1000111 0000011 0000011 0001000 1100000 1100000 1110001
1000111 0000111 0000000 0000000 0000000 1110000 1110001
1000111 0000111 0000000 0001000 0000000 1110000 1110001
1000111 0000111 0000001 0000000 1000000 1110000 1110001
1000111 0000111 0000001 0001000 1000000 1110000 1110001
1000111 0000111 0000011 0000000 1100000 1110000 1110001
1000111 0000111 0000011 0001000 1100000 1110000 1110001
1000111 0000111 0000111 0000000 1110000 1110000 1110001
1000111 1000000 0000000 0000000 0000000 0000001 1110001
1000111 1000000 0000000 0001000 0000000 0000001 1110001
1000111 1000000 1000000 0000000 0000001 0000001 1110001
1000111 1000000 1000000 0001000 0000001 0000001 1110001
1000111 1000001 0000000 0000000 0000000 1000001 1110001
1000111 1000001 0000000 0001000 0000000 1000001 1110001
1000111 1000011 0000000 0000000 0000000 1100001 1110001
1000111 1000011 0000000 0001000 0000000 1100001 1110001
1000111 1000111 0000000 0000000 0000000 1110001 1110001
1000111 1000111 0000000 0001000 0000000 1110001 1110001
1100000 0000000 0000000 0000000 0000000 0000000 0000011
1100000 0000000 0000000 0001000 0000000 0000000 0000011
1100000 1000000 0000000 0000000 0000000 0000001 0000011
1100000 1000000 0000000 0001000 0000000 0000001 0000011
1100000 1000000 1000000 0000000 0000001 0000001 0000011
1100000 1000000 1000000 0001000 0000001 0000001 0000011
1100000 1000000 1000000 1000001 0000001 0000001 0000011
1100000 1100000 0000000 0000000 0000000 0000011 0000011
1100000 1100000 0000000 0001000 0000000 0000011 0000011
1100000 1100000 1000000 0000000 0000001 0000011 0000011
1100000 1100000 1000000 0001000 0000001 0000011 0000011
1100000 1100000 1000000 1000001 0000001 0000011 0000011
1100000 1100000 1100000 0000000 0000011 0000011 0000011
1100000 1100000 1100000 0001000 0000011 0000011 0000011
1100000 1100000 1100000 1000001 0000011 0000011 0000011
1100000 1100000 1100000 1100011 0000011 0000011 0000011
1100001 0000000 0000000 0000000 0000000 0000000 1000011
1100001 0000000 0000000 0001000 0000000 0000000 1000011
1100001 0000001 0000000 0000000 0000000 1000000 1000011
1100001 0000001 0000000 0001000 0000000 1000000 1000011
1100001 0000001 0000001 0000000 1000000 1000000 1000011
1100001 0000001 0000001 0001000 1000000 1000000 1000011
1100001 1000000 0000000 0000000 0000000 0000001 1000011
1100001 1000000 0000000 0001000 0000000 0000001 1000011
1100001 1000000 1000000 0000000 0000001 0000001 1000011
1100001 1000000 1000000 0001000 0000001 0000001 1000011
1100001 1000001 0000000 0000000 0000000 1000001 1000011
1100001 1000001 0000000 0001000 0000000 1000001 1000011
1100001 1100000 0000000 0000000 0000000 0000011 1000011
1100001 1100000 0000000 0001000 0000000 0000011 1000011
1100001 1100000 1000000 0000000 0000001 0000011 1000011
1100001 1100000 1000000 0001000 0000001 0000011 1000011
1100001 1100000 1100000 0000000 0000011 0000011 1000011
1100001 1100000 1100000 0001000 0000011 0000011 1000011
1100001 1100001 0000000 0000000 0000000 1000011 1000011
1100001 1100001 0000000 0001000 0000000 1000011 1000011
1100011 0000000 0000000 0000000 0000000 0000000 1100011
1100011 0000000 0000000 0001000 0000000 0000000 1100011
1100011 0000001 0000000 0000000 0000000 1000000 1100011
1100011 0000001 0000000 0001000 0000000 1000000 1100011
1100011 0000001 0000001 0000000 1000000 1000000 1100011
1100011 0000001 0000001 0001000 1000000 1000000 1100011
1100011 0000011 0000000 0000000 0000000 1100000 1100011
1100011 0000011 0000000 0001000 0000000 1100000 1100011
1100011 0000011 0000001 0000000 1000000 1100000 1100011
1100011 0000011 0000001 0001000 1000000 1100000 1100011
1100011 0000011 0000011 0000000 1100000 1100000 1100011
1100011 0000011 0000011 0001000 1100000 1100000 1100011
1100011 1000000 0000000 0000000 0000000 0000001 1100011
1100011 1000000 0000000 0001000 0000000 0000001 1100011
1100011 1000000 1000000 0000000 0000001 0000001 1100011
1100011 1000000 1000000 0001000 0000001 0000001 1100011
1100011 1000001 0000000 0000000 0000000 1000001 1100011
1100011 1000001 0000000 0001000 0000000 1000001 1100011
1100011 1000011 0000000 0000000 0000000 1100001 1100011
1100011 1000011 0000000 0001000 0000000 1100001 1100011
1100011 1100000 0000000 0000000 0000000 0000011 1100011
1100011 1100000 0000000 0001000 0000000 0000011 1100011
1100011 1100000 1000000 0000000 0000001 0000011 1100011
1100011 1100000 1000000 0001000 0000001 0000011 1100011
1100011 1100000 1100000 0000000 0000011 0000011 1100011
1100011 1100000 1100000 0001000 0000011 0000011 1100011
1100011 1100001 0000000 0000000 0000000 1000011 1100011
1100011 1100001 0000000 0001000 0000000 1000011 1100011
1100011 1100011 0000000 0000000 0000000 1100011 1100011
1100011 1100011 0000000 0001000 0000000 1100011 1100011
1110000 0000000 0000000 0000000 0000000 0000000 0000111
1110000 0000000 0000000 0001000 0000000 0000000 0000111
1110000 1000000 0000000 0000000 0000000 0000001 0000111
1110000 1000000 0000000 0001000 0000000 0000001 0000111
1110000 1000000 1000000 0000000 0000001 0000001 0000111
1110000 1000000 1000000 0001000 0000001 0000001 0000111
1110000 1000000 1000000 1000001 0000001 0000001 0000111
1110000 1100000 0000000 0000000 0000000 0000011 0000111
1110000 1100000 0000000 0001000 0000000 0000011 0000111
1110000 1100000 1000000 0000000 0000001 0000011 0000111
1110000 1100000 1000000 0001000 0000001 0000011 0000111
1110000 1100000 1000000 1000001 0000001 0000011 0000111
1110000 1100000 1100000 0000000 0000011 0000011 0000111
1110000 1100000 1100000 0001000 0000011 0000011 0000111
1110000 1100000 1100000 1000001 0000011 0000011 0000111
1110000 1100000 1100000 1100011 0000011 0000011 0000111
1110000 1110000 0000000 0000000 0000000 0000111 0000111
1110000 1110000 0000000 0001000 0000000 0000111 0000111
1110000 1110000 1000000 0000000 0000001 0000111 0000111
1110000 1110000 1000000 0001000 0000001 0000111 0000111
1110000 1110000 1000000 1000001 0000001 0000111 0000111
1110000 1110000 1100000 0000000 0000011 0000111 0000111
1110000 1110000 1100000 0001000 0000011 0000111 0000111
1110000 1110000 1100000 1000001 0000011 0000111 0000111
1110000 1110000 1100000 1100011 0000011 0000111 0000111
1110000 1110000 1110000 0000000 0000111 0000111 0000111
1110000 1110000 1110000 1000001 0000111 0000111 0000111
1110000 1110000 1110000 1100011 0000111 0000111 0000111
1110001 0000000 0000000 0000000 0000000 0000000 1000111
1110001 0000000 0000000 0001000 0000000 0000000 1000111
1110001 0000001 0000000 0000000 0000000 1000000 1000111
1110001 0000001 0000000 0001000 0000000 1000000 1000111
1110001 0000001 0000001 0000000 1000000 1000000 1000111
1110001 0000001 0000001 0001000 1000000 1000000 1000111
1110001 1000000 0000000 0000000 0000000 0000001 1000111
1110001 1000000 0000000 0001000 0000000 0000001 1000111
1110001 1000000 1000000 0000000 0000001 0000001 1000111
1110001 1000000 1000000 0001000 0000001 0000001 1000111
1110001 1000001 0000000 0000000 0000000 1000001 1000111
1110001 1000001 0000000 0001000 0000000 1000001 1000111
1110001 1100000 0000000 0000000 0000000 0000011 1000111
1110001 1100000 0000000 0001000 0000000 0000011 1000111
1110001 1100000 1000000 0000000 0000001 0000011 1000111
1110001 1100000 1000000 0001000 0000001 0000011 1000111
1110001 1100000 1100000 0000000 0000011 0000011 1000111
1110001 1100000 1100000 0001000 0000011 0000011 1000111
1110001 1100001 0000000 0000000 0000000 1000011 1000111
1110001 1100001 0000000 0001000 0000000 1000011 1000111
1110001 1110000 0000000 0000000 0000000 0000111 1000111
1110001 1110000 0000000 0001000 0000000 0000111 1000111
1110001 1110000 1000000 0000000 0000001 0000111 1000111
1110001 1110000 1000000 0001000 0000001 0000111 1000111
1110001 1110000 1100000 0000000 0000011 0000111 1000111
1110001 1110000 1100000 0001000 0000011 0000111 1000111
1110001 1110000 1110000 0000000 0000111 0000111 1000111
1110001 1110001 0000000 0000000 0000000 1000111 1000111
1110001 1110001 0000000 0001000 0000000 1000111 1000111
1111000 0000000 0000000 0000000 0000000 0000000 0001111
1111000 0001000 0000000 0000000 0000000 0001000 0001111
1111000 1000000 0000000 0000000 0000000 0000001 0001111
1111000 1000000 1000000 0000000 0000001 0000001 0001111
1111000 1000000 1000000 1000001 0000001 0000001 0001111
1111000 1100000 0000000 0000000 0000000 0000011 0001111
1111000 1100000 1000000 0000000 0000001 0000011 0001111
1111000 1100000 1000000 1000001 0000001 0000011 0001111
1111000 1100000 1100000 0000000 0000011 0000011 0001111
1111000 1100000 1100000 1000001 0000011 0000011 0001111
1111000 1100000 1100000 1100011 0000011 0000011 0001111
1111000 1110000 0000000 0000000 0000000 0000111 0001111
1111000 1110000 1000000 0000000 0000001 0000111 0001111
1111000 1110000 1000000 1000001 0000001 0000111 0001111
1111000 1110000 1100000 0000000 0000011 0000111 0001111
1111000 1110000 1100000 1000001 0000011 0000111 0001111
1111000 1110000 1100000 1100011 0000011 0000111 0001111
1111000 1110000 1110000 0000000 0000111 0000111 0001111
1111000 1110000 1110000 1000001 0000111 0000111 0001111
1111000 1110000 1110000 1100011 0000111 0000111 0001111
1111000 1111000 0000000 0000000 0000000 0001111 0001111
1111000 1111000 1000000 0000000 0000001 0001111 0001111
1111000 1111000 1000000 1000001 0000001 0001111 0001111
1111000 1111000 1100000 0000000 0000011 0001111 0001111
1111000 1111000 1100000 1000001 0000011 0001111 0001111
1111000 1111000 1100000 1100011 0000011 0001111 0001111
1111000 1111000 1110000 0000000 0000111 0001111 0001111
1111000 1111000 1110000 1000001 0000111 0001111 0001111
1111000 1111000 1110000 1100011 0000111 0001111 0001111